@ Sof v1.0 @
@ HDPHMM 0 @
pi_init = 0.98501734229150317,0,0,0,0,0,0,0,0,0.014982657708496806;
pi_z = {
  type = "FULL";
  num_rows = 10;
  num_cols = 10;
  values = 0.71417830942655547,0.088520463628187218,0.039842256377322575,0.029687946919330351,0.013837583607163174,0.042956496623891345,0.026331769789606611,0.017816730789458043,0.017547051902258463,0.0092813909362267858,0,0.45111059103368395,0.11083827468020103,0.068507526554583864,0.041739168304787785,0.1114928621980827,0.076876426545777365,0.060570498533552987,0.04391216551197212,0.034952486637358178,0,0,0.36697043933044304,0.10599600253536737,0.066560256699321627,0.15921031371384145,0.10434450126539146,0.08130458771149722,0.072494146771542492,0.043119751972595328,0,0,0,0.30914958767969825,0.081399702997689991,0.19668970385270931,0.16084795177535682,0.12087964531607695,0.088993870302063502,0.042039538076405196,0,0,0,0,0.32287271147089219,0.22710000380398712,0.15883010161833086,0.11056428970836243,0.10672461802863306,0.07390827536979433,0,0,0,0,0,0.50995694228500099,0.1741866262029613,0.12586515244446045,0.11916558672752918,0.070825692340048027,0,0,0,0,0,0,0.5374695723178432,0.1846230026620943,0.18161131407765427,0.096296110942408239,0,0,0,0,0,0,0,0.59458848391034835,0.25491369325731922,0.15049782283233237,0,0,0,0,0,0,0,0,0.77365495264530182,0.22634504735469818,0,0,0,0,0,0,0,0,0,1;
};
pi_init_with_none_emitting = 1,0,0,0,0,0,0,0,0,0,0,0;
pi_z_with_none_emitting = {
  type = "FULL";
  num_rows = 12;
  num_cols = 12;
  values = 0,0.98501734229150317,0,0,0,0,0,0,0,0,0.014982657708496806,0,0,0.58147710401529895,0.088520463628187218,0.039842256377322575,0.029687946919330351,0.013837583607163174,0.042956496623891345,0.026331769789606611,0.017816730789458043,0.017547051902258463,0.0092813909362267858,0.13270120541125655,0,0,0.21842094578618698,0.11083827468020103,0.068507526554583864,0.041739168304787785,0.1114928621980827,0.076876426545777365,0.060570498533552987,0.04391216551197212,0.034952486637358178,0.23268964524749697,0,0,0,0.16371310170592737,0.10599600253536737,0.066560256699321627,0.15921031371384145,0.10434450126539146,0.08130458771149722,0.072494146771542492,0.043119751972595328,0.20325733762451567,0,0,0,0,0.12296512074830217,0.081399702997689991,0.19668970385270931,0.16084795177535682,0.12087964531607695,0.088993870302063502,0.042039538076405196,0.18618446693139606,0,0,0,0,0,0.11109599626156302,0.22710000380398712,0.15883010161833086,0.11056428970836243,0.10672461802863306,0.07390827536979433,0.21177671520932917,0,0,0,0,0,0,0.24972823459050367,0.1741866262029613,0.12586515244446045,0.11916558672752918,0.070825692340048027,0.2602287076944973,0,0,0,0,0,0,0,0.25614940793926189,0.1846230026620943,0.18161131407765427,0.096296110942408239,0.28132016437858132,0,0,0,0,0,0,0,0,0.24858500526007515,0.25491369325731922,0.15049782283233237,0.3460034786502732,0,0,0,0,0,0,0,0,0,0.38385186899994039,0.22634504735469818,0.38980308364536143,0,0,0,0,0,0,0,0,0,0,0.4803122878074646,0.5196877121925354,0,0,0,0,0,0,0,0,0,0,0,1;
};
@ emission_model 0 @
pi_s = 0.80920784267910262,0.087451202642615189,0.054345764351320498,0.048995190326961688;
mu = {
  5.4249774634539287,-0.9706742089014424,2.0092307848135604,-0.25248074845528173,-3.8785582384366677,-2.2527914472579287,-1.3333549042981889,-0.28746591133780475,-2.7073104800717349,-1.7489631925918849,-2.5230752467840976,-1.7405170431229662,0.13438255671821536,0.25260420435905623,1.2209083373187279,0.25724669399613009,1.0600153763564524,0.070438943039363155,-0.45097118941912756,0.41794215156693604,-1.6027330442187868,-0.91746522826578514,0.50001349687026009,-0.48076602073161778,-0.19210041395756269,-0.032921419054728888,-0.15146383775537448,0.22225232057617653,0.021858856851353681,0.11259626016673439,0.07772774071050588,0.083435849983170385,0.1881157777426985,-0.35622887959096983,-0.11398408936891584,0.13399128552542999,0.00040973755350342742,0.027475336705994252,-0.0038853379571575177
}, {
  5.6195836657282081,-1.1357428945124932,2.1825772440334905,-1.0662362552367588,-4.0251584458227709,-2.4639325355087069,-1.9111537762441326,0.32149525242704791,-2.9205529586923413,-2.5073358112341548,-2.3253756527607745,-1.352533945545356,0.14282960417573065,0.26544908399663392,1.3298138401053572,0.17054442398081765,1.1461576586912423,0.077702013628572791,-0.34019603852583269,0.48234503301132048,-1.7910498125497476,-0.90012158018576527,0.44750017760156746,-0.47200246424180459,-0.15382835360267388,-0.035745881627337446,-0.17849800772808339,0.24094504375686698,0.012301952550040218,0.16666596871656403,0.049603749931812983,0.11451158707481358,0.24429860787709504,-0.45865307883069772,-0.095744064806765422,0.20737899889180078,-0.027286702126630345,-0.0042416291066631551,-0.0042755338914270708
}, {
  5.7992058848174439,-0.42387889695901115,2.0605309415700264,0.40636865173516812,-4.0326886839743903,-2.8873346490047211,-2.0406513267772017,-0.1604825967982092,-2.611571848352281,-2.2765452497819556,-2.8956858435138546,-1.9185907220114995,0.12204492725510918,0.20519976232620665,1.2537472948951325,0.26357039269533,0.98758851272961445,0.17230629912522383,-0.42710974579659611,0.55648029450189418,-1.7846229424321285,-1.0605040900496339,0.6212397731171635,-0.47256956695782792,-0.26036056090524767,-0.032029501209127884,-0.23973303747685482,0.13224105097778782,0.03711391872273391,0.017670577678182104,0.077670978262402407,0.14661451892721439,0.22644000848089779,-0.27728794908663967,-0.088725462581103393,0.1385269837759267,0.057134022335001686,0.042806878948338289,-0.0020836442759142107
}, {
  5.5079416643698913,-1.3198333208100101,2.3397193013500921,-0.032908593723624147,-4.3574676657849949,-2.6754761549104131,-1.7983322760266724,0.53676285111398814,-2.8070233341504416,-2.198053065790905,-2.5068616594196227,-1.2514954139050902,0.1327150002117361,0.25963102847542341,1.2603151643343444,0.34941834486709028,1.0577709324020599,0.082593707326616653,-0.3864388885957924,0.46829545524898536,-1.751605041714807,-1.104165393135254,0.51698278013686827,-0.48949698899246158,-0.32575530143974996,-0.03406493254970018,-0.17726422695088614,0.26297552192125984,-0.034266717245534983,0.10815976626533003,0.10810595882426736,0.12903675380899826,0.26861361669342043,-0.47586399105008576,-0.068620379839509693,0.2117693377443029,-0.012607079765608853,0.026219724867548203,-0.0040789343291322824
};
invSigma = {
  type = "FULL";
  num_rows = 39;
  num_cols = 39;
  values = 0.70644768997048457,0.10470517070100917,0.18157678698631669,-0.30580134027364464,0.0094891246645704835,-0.16625533060845255,0.25482631709784537,0.22766603365449278,-0.22079988031753076,-0.049010696828987954,0.061155552478035974,-0.4457088789270004,-0.38984563335464284,-0.14350532693304718,0.34627914559228767,0.077294527416698705,-0.48260412841844141,0.040844264343086897,-0.059900001970549732,0.20278776725507824,0.035511494126884591,0.62426024650859624,0.45127382767590263,-0.26283464945412449,0.22422743082811925,-20.014146530722005,-0.7009055939444957,2.1726814018807858,0.89416426515273317,1.450682618366429,0.92138186586452697,0.85312142908284305,-0.58943293522844853,-0.09122248315444445,-0.38269891270260931,0.1204184923915244,-0.01912882970803105,-0.99925637413042812,51.275872045704027,0.10470517070100917,0.89374422988182178,0.49842708332602126,-0.38882471354022069,-0.25228920992389181,0.1037342228713103,1.1466340798236123,0.29791414911827119,-0.31753452321969128,0.0057607283624673111,-0.38050164397732111,-0.22792220494152507,-0.15488862763881742,0.21973837948628888,0.3500892216207358,0.13759720939480141,-0.2680248822573606,-0.21355992285913836,0.22488706271485495,-0.48823335514888172,0.025033844236647639,-0.52291308555708682,-0.010254520163086516,-0.32178257899042279,-0.13889708788076013,-2.5423691915854745,-0.35017545742771983,0.072776567727762129,0.20380813663637903,0.52803205169371081,0.30071344558847068,0.019503090335609062,-0.11603209628853511,0.27346122595253108,-0.48476401994374385,0.49405820184355947,0.20405782081452178,-0.59657448111811373,-32.258054500312866,0.18157678698631669,0.49842708332602126,1.0817298825862729,-0.62270706530422992,-0.19647114029075141,0.086300518962079839,1.270282711360559,0.75712494149514398,-0.29472077891631093,0.3680758797540698,0.36996993194526423,-0.57667609722592195,-0.10336196944351625,-0.2694974259274131,0.66398765788624126,0.41031682356160737,-0.67326982108560984,0.056006561321852333,-0.55809548970344558,0.11854323153873858,0.57047143939054068,0.26417073494967058,-0.08082270753819043,-0.20810858037931146,-0.47907915143234631,5.2611662247697417,0.20921406207458695,-0.13385573159827868,0.017505242463202564,-0.39215288243717455,0.07334668819081408,-0.042326112216103245,-0.7157686860972805,0.54388070015326795,0.44620778645099451,0.38846072917250746,0.21612219784116821,-0.3782042277729723,-25.782904829824069,-0.30580134027364464,-0.38882471354022069,-0.62270706530422992,0.79248862934580755,0.14095859606481076,-0.30688946758801361,-0.90789525959016637,-0.10558023561786894,0.047502405913966123,-0.067398386954285183,-0.4684862936792058,0.78064803678334937,-0.33919817162449201,-0.018032185989805799,-0.8615157224238601,-0.30462363465673548,0.39171018232858229,-0.0011188276630996336,0.20840651468538574,0.20640376049247922,-0.15282549255775418,-0.17538874900502432,0.23572893989415664,0.3390911730505366,0.5198769416812542,-1.4514519966737467,-0.0081271045363752181,-0.186532428991942,-0.21059280822802415,-0.2719317611092853,-0.015339724495111728,-0.22260049878425131,0.6117577244467971,-0.26635021600128062,-0.28659902171586182,-0.57531750196503828,-0.051634713084105319,0.36557517361768843,-45.462133858731121,0.0094891246645704835,-0.25228920992389181,-0.19647114029075141,0.14095859606481076,0.16543606931575774,0.0052129514867301973,-0.36781892874224964,-0.13501551787563196,0.095081204748047946,-0.096401761307536055,-0.039208517518436153,0.04928252025911261,-0.2952354630378678,-0.016593946282544309,-0.10040989040439477,-0.024887338515127536,0.11054150637207583,0.022348462979997256,-0.0082957611404981257,0.066430828264522152,-0.068503477023739837,0.17158471105524919,0.18782999856912336,0.084052408955881897,0.21826224908877961,5.5371197710716888,0.35346478356214039,-0.34326767440166484,-0.27320794065770571,-0.55746162611482264,-0.41785279406615911,-0.18146209895010287,0.060280606082077304,-0.077238403120234278,0.28609651571809441,-0.3924028848839608,0.029679756258991816,0.18076777914370859,18.876208947988712,-0.16625533060845255,0.1037342228713103,0.086300518962079839,-0.30688946758801361,0.0052129514867301973,0.64090467346807101,0.30195405749315429,-0.3773608429397301,0.23552844297078923,-0.12410495482855149,0.26015354100611676,-0.40489390059688946,0.21006397676127908,0.25430338788644868,0.51316148959314378,0.23448036878478312,0.18005993053925889,-0.26685295241448403,-0.045683223134044576,-0.4213768689252651,-0.058033965657364586,-0.3844997831048762,-0.34966917460522789,-0.28957727302813652,-0.44098314236989516,19.24950826990743,0.60413851703828958,-1.7323425800455858,-0.68735403591819177,-1.0245824223750759,-1.1321887864652986,-0.46486120039493822,-0.10586521514782044,0.1169681400708059,0.69627130218061262,0.25846484808875392,-0.0062119149821374189,0.43005786975023585,45.100043660642321,0.25482631709784537,1.1466340798236123,1.270282711360559,-0.90789525959016637,-0.36781892874224964,0.30195405749315429,2.117452608601742,0.73995565102156324,-0.5005998499205091,0.21603884110571908,0.0088717191624669844,-0.8064321502517956,0.18987774850745565,0.001472304511779432,1.0035685566589612,0.49417311019766896,-0.77551675785497731,-0.2201327359023447,-0.24031948874991124,-0.40157386148016505,0.49063763410314359,-0.28366524488355815,-0.090778618108508846,-0.56012303088479465,-0.54573298622902167,3.3271681624421898,-0.15118753933635115,-0.16087544450182578,0.12649519383088964,0.10878220559010321,0.16190506120120995,-0.028774226169174896,-0.78795401867619608,0.70092781730132769,0.031080490193884702,0.8947809068956718,0.34984650958997948,-0.78261344020308798,-30.135940456151168,0.22766603365449278,0.29791414911827119,0.75712494149514398,-0.10558023561786894,-0.13501551787563196,-0.3773608429397301,0.73995565102156324,1.1952420270630724,-0.50339497458950577,0.53361563395641365,-0.0060225708658300237,-0.075616624066390969,-0.54027398635446289,-0.55439064666965088,0.083504133508533696,0.1160566843407142,-0.81149269801679313,0.043631339473056058,-0.63437683517313892,0.6626001760218867,0.69053168966392398,0.53572200612608667,0.40572508879213998,-0.09481382790825188,0.044634495260846202,-5.4133158744445824,-0.29888697082082055,0.94314108447230094,0.12675936707229724,-0.082580914699331209,0.71037989208406804,0.28759925202113523,-0.56719576659862148,0.53561357891128059,0.081010253519949282,0.022826401922300704,0.33456004052513122,-0.61286488437853515,-62.454417867702574,-0.22079988031753076,-0.31753452321969128,-0.29472077891631093,0.047502405913966123,0.095081204748047946,0.23552844297078923,-0.5005998499205091,-0.50339497458950577,0.42274651585772699,-0.099319992571975491,0.32969387329178623,0.046033048787869013,0.0057884039535099491,0.20078756134611311,-0.042707027336644041,0.015159441691009849,0.42632467279097108,0.017875946839071948,0.05203992908886404,-0.1734681898598967,-0.27989367352531486,-0.15891766473097135,-0.37031356109712438,0.14727138175355467,-0.24328732836480418,8.6655279309464603,0.49050835268974147,-0.87862878958323742,-0.2351411903787301,-0.43154550439620776,-0.55687243081759685,-0.22585035430280673,0.28072439047168224,-0.20320291461173118,0.32230587378329567,-0.048360562101457033,-0.22063986148263504,0.60372918447099311,31.165430164330107,-0.049010696828987954,0.0057607283624673111,0.3680758797540698,-0.067398386954285183,-0.096401761307536055,-0.12410495482855149,0.21603884110571908,0.53361563395641365,-0.099319992571975491,0.44104103555979346,0.34843880870418731,0.010170204943127842,-0.28089379322354024,-0.32836503361161584,0.018839305811563956,0.0320511386960943,-0.31169073164919914,0.088596129886672773,-0.4712501889536459,0.40296300315271794,0.39340441642840479,0.19943348115876697,-0.18535348318941933,-0.0090736540572724372,-0.34892113245433432,-2.3665088663673806,-0.21215932755141861,0.29748835242757055,0.082569604232228838,-0.019100955467282632,0.41531309980836212,0.20006654585200664,-0.217363348057108,0.19580786446433765,0.1159995661827827,0.27766965912254687,0.052955892259494847,-0.057246679556664903,-34.120796525013247,0.061155552478035974,-0.38050164397732111,0.36996993194526423,-0.4684862936792058,-0.039208517518436153,0.26015354100611676,0.0088717191624669844,-0.0060225708658300237,0.32969387329178623,0.34843880870418731,1.3821249357703311,-0.48778591339681665,0.52360030208799913,-0.26356052242592243,0.50389517121589078,0.27848679228368123,-0.18776491619960767,0.13573220296520927,-0.69696144922298442,0.34889121302635773,0.21090064758706561,0.34759364745714139,-0.81218060251531043,-0.075882853237582037,-1.0548485338276934,-9.8479391303417536,-0.25254029019057506,0.97033767102911483,0.8215112838247749,0.95472745449471641,0.72092720297938273,0.73046157676286472,-0.5205283361914198,-0.03098318282861301,0.37231843651237539,0.97075120731591025,-0.3364931611357021,0.086658238110872671,48.35193322246166,-0.4457088789270004,-0.22792220494152507,-0.57667609722592195,0.78064803678334937,0.04928252025911261,-0.40489390059688946,-0.8064321502517956,-0.075616624066390969,0.046033048787869013,0.010170204943127842,-0.48778591339681665,1.0126657852046024,-0.43154503706940178,0.066457143309776645,-1.0199031030228733,-0.36564629614475497,0.47698850469013127,0.065690947046675635,0.32940823030893007,0.075130981613247327,-0.23410986960351829,-0.45025047828038173,-0.019549615358023853,0.45828960037098931,0.3554051930171031,-5.8051308953821348,-0.18823373223919362,-0.045776784522843589,0.035455358893463823,0.13769126101940454,0.38298675021375594,-0.17674457651865652,0.84736306404997752,-0.31797940040931089,-0.69082716552702705,-0.33353291749108049,-0.080511784656157812,0.4162148908070058,-79.832448127936857,-0.38984563335464284,-0.15488862763881742,-0.10336196944351625,-0.33919817162449201,-0.2952354630378678,0.21006397676127908,0.18987774850745565,-0.54027398635446289,0.0057884039535099491,-0.28089379322354024,0.52360030208799913,-0.43154503706940178,84.675483324357316,0.75934676051538541,4.0231027443773941,-3.01003485261805,-2.0440399474546989,-2.5183323413834193,0.38144781035958297,3.1014094445499563,1.1539067964791248,1.1214076863419002,-0.93667966992469309,0.94090874825260362,2.3502093299250566,14.408925618966427,-3.7091506482943473,2.4340571360052632,-3.3502899341549535,0.074897122193603449,1.3301148733157468,-1.3176739407670017,-1.5138116680952769,9.8745556030336594,6.8584938189544964,4.4217635732814955,3.2502733769444236,5.2583282554220645,62.854371156352016,-0.14350532693304718,0.21973837948628888,-0.2694974259274131,-0.018032185989805799,-0.016593946282544309,0.25430338788644868,0.001472304511779432,-0.55439064666965088,0.20078756134611311,-0.32836503361161584,-0.26356052242592243,0.066457143309776645,0.75934676051538541,1.2318519049838232,0.18612914408652048,0.17229093551033098,0.40514147046974558,-0.015292028946766095,0.61734039312600131,-0.49150351678136001,-0.38879280721505971,-0.4268624217346968,-0.11936535947875071,0.11580271423663871,0.11338726943525104,6.6912594035372326,0.31077899019802357,-0.88721437204797104,-0.24199839808509321,-0.058747763999025357,-0.47630936984784389,-0.38013917533781394,0.37398109690160453,-0.079774981448274856,-0.19888928699991126,0.027502292353309907,-0.065026259508186093,0.20670664428891028,16.104370135061085,0.34627914559228767,0.3500892216207358,0.66398765788624126,-0.8615157224238601,-0.10040989040439477,0.51316148959314378,1.0035685566589612,0.083504133508533696,-0.042707027336644041,0.018839305811563956,0.50389517121589078,-1.0199031030228733,4.0231027443773941,0.18612914408652048,1.7537505532766409,0.36519757574214895,-0.63790184714485876,-0.20254349070440605,-0.26278841705803124,-0.10510341812739549,0.52488752714424336,0.51343386193703722,-0.049860086156967576,-0.44895739119756478,-0.34724469280755277,12.547564528880166,0.19173606599670417,-0.40685726807046624,-0.43221654933489551,-0.49145389732932032,-0.56787331959978971,-0.045706754372857816,-0.88672783498286656,0.84878414261669533,1.101844078489288,0.60998446443966392,0.32755334132761788,-0.044030088404085732,75.530191336833155,0.077294527416698705,0.13759720939480141,0.41031682356160737,-0.30462363465673548,-0.024887338515127536,0.23448036878478312,0.49417311019766896,0.1160566843407142,0.015159441691009849,0.0320511386960943,0.27848679228368123,-0.36564629614475497,-3.01003485261805,0.17229093551033098,0.36519757574214895,0.91273869855955458,-0.038773774407427158,0.18707700015355849,-0.16646160555241146,-0.14420536363120107,0.14326505084644964,0.1416390024960188,0.017069514576381145,-0.096277946404136436,-0.35952665257574684,5.3562146099619712,0.51418427747885742,-0.5023636884882754,0.12470367166986182,-0.3331969931922929,-0.35836306246606159,-0.11472142416111106,-0.32815031839184305,-0.1893595578361385,0.13587911771118039,0.073885859825220501,-0.08356980651818248,-0.2499045669082553,14.947800442267745,-0.48260412841844141,-0.2680248822573606,-0.67326982108560984,0.39171018232858229,0.11054150637207583,0.18005993053925889,-0.77551675785497731,-0.81149269801679313,0.42632467279097108,-0.31169073164919914,-0.18776491619960767,0.47698850469013127,-2.0440399474546989,0.40514147046974558,-0.63790184714485876,-0.038773774407427158,1.2551571312988596,0.16293205290176521,0.59197166487265807,-0.57386141171969562,-0.4905568145195035,-0.67666992820702121,-0.37558425742682422,0.28668701507012728,-0.039256406945364558,10.536047113336954,0.63032302044114885,-1.6051504749626,-0.39086000685722483,-0.54917465666279119,-0.79417525132975197,-0.56884482183619633,0.88089939036785148,-0.59663623911101415,-0.21831359342566847,-0.3482827229884744,-0.29994660437753162,0.77592559969747976,-2.5630582141922744,0.040844264343086897,-0.21355992285913836,0.056006561321852333,-0.0011188276630996336,0.022348462979997256,-0.26685295241448403,-0.2201327359023447,0.043631339473056058,0.017875946839071948,0.088596129886672773,0.13573220296520927,0.065690947046675635,-2.5183323413834193,-0.015292028946766095,-0.20254349070440605,0.18707700015355849,0.16293205290176521,1.0629618719874037,0.11894839930702449,0.22035868766652406,0.22765189144259201,0.53553180944665313,-0.1124157171826014,0.29608046020915324,-0.04735364188299198,-3.5386238890571509,0.28684077427594878,0.22564582914861542,0.26817871023075368,0.017725380966272519,0.29518373725039426,0.11295789793455135,0.17361121066997603,-0.31926089644041378,-0.18447820908119306,-0.36594816910015404,-0.16083402380634401,0.014878330305318321,-16.950225145098532,-0.059900001970549732,0.22488706271485495,-0.55809548970344558,0.20840651468538574,-0.0082957611404981257,-0.045683223134044576,-0.24031948874991124,-0.63437683517313892,0.05203992908886404,-0.4712501889536459,-0.69696144922298442,0.32940823030893007,0.38144781035958297,0.61734039312600131,-0.26278841705803124,-0.16646160555241146,0.59197166487265807,0.11894839930702449,1.2609594643365287,-0.57642036254179807,-0.44157821800672559,-0.50017126005775825,0.072217139937704067,0.08611020495016708,0.44260249653539097,-6.3448909432579459,-0.266362130603786,0.074274721040242242,0.25382470584376626,0.75516671420691239,0.13027147088868909,-0.077592420742097878,0.64747148952913836,-0.32671923153113619,-0.83284803024402421,-0.12834506979929661,-0.11497280078058333,-0.068171214165605232,-2.918289978539697,0.20278776725507824,-0.48823335514888172,0.11854323153873858,0.20640376049247922,0.066430828264522152,-0.4213768689252651,-0.40157386148016505,0.6626001760218867,-0.1734681898598967,0.40296300315271794,0.34889121302635773,0.075130981613247327,3.1014094445499563,-0.49150351678136001,-0.10510341812739549,-0.14420536363120107,-0.57386141171969562,0.22035868766652406,-0.57642036254179807,1.4599278693424371,0.67328315719013943,1.1004067476347943,0.31113262315156182,0.17275641021428428,0.23736382932243905,-9.9312388510826999,-0.49989855391753857,1.4595109184985167,0.11176116286697041,0.12361845732952162,0.78697308384034081,0.48668503124323559,-0.46634352145849339,0.48409857408572904,0.50256896237715032,-0.06745345962201299,0.1734225894989273,-0.025324692089367995,-9.8683253347383797,0.035511494126884591,0.025033844236647639,0.57047143939054068,-0.15282549255775418,-0.068503477023739837,-0.058033965657364586,0.49063763410314359,0.69053168966392398,-0.27989367352531486,0.39340441642840479,0.21090064758706561,-0.23410986960351829,1.1539067964791248,-0.38879280721505971,0.52488752714424336,0.14326505084644964,-0.4905568145195035,0.22765189144259201,-0.44157821800672559,0.67328315719013943,1.2763103438180465,0.69147812993695279,0.15633226263374697,-0.13835047035713394,-0.15050483300765885,7.2567151760937234,0.08774218864844574,-0.26751170410147057,-0.49011044819215055,-0.9497061809424987,-0.086402494308405908,-0.084946153205430586,-0.51856390754913084,0.63587225890534516,0.74270182699698228,0.13211223484020401,0.3447856037988361,0.12143223241109963,-31.77125642387761,0.62426024650859624,-0.52291308555708682,0.26417073494967058,-0.17538874900502432,0.17158471105524919,-0.3844997831048762,-0.28366524488355815,0.53572200612608667,-0.15891766473097135,0.19943348115876697,0.34759364745714139,-0.45025047828038173,1.1214076863419002,-0.4268624217346968,0.51343386193703722,0.1416390024960188,-0.67666992820702121,0.53553180944665313,-0.50017126005775825,1.1004067476347943,0.69147812993695279,2.0492560186361719,0.83275442521682974,0.20691715707943648,0.50020402223141969,-0.29470518647961619,0.23493580502883193,1.1207352622838953,-0.19679848554015655,-0.56995084038158916,-0.0079416183526042072,0.32444972557434648,-0.74945206732754022,0.37861465177515391,0.8854431093800087,-0.7745459094978655,0.22643244813635943,-0.25962019953810039,54.861523767313628,0.45127382767590263,-0.010254520163086516,-0.08082270753819043,0.23572893989415664,0.18782999856912336,-0.34966917460522789,-0.090778618108508846,0.40572508879213998,-0.37031356109712438,-0.18535348318941933,-0.81218060251531043,-0.019549615358023853,-0.93667966992469309,-0.11936535947875071,-0.049860086156967576,0.017069514576381145,-0.37558425742682422,-0.1124157171826014,0.072217139937704067,0.31113262315156182,0.15633226263374697,0.83275442521682974,1.7570810139300599,0.08888832782925464,1.2800745614098756,7.3733668484757642,0.40076668572684548,0.05017209514114257,-0.74437854081149457,-1.1346545090809974,-0.80229298860960618,-0.38025238863120037,-0.328797163667503,0.12741013270202647,0.29305405810825824,-1.2955780794623675,0.37247498209004093,-0.52322112494386741,17.846255614971174,-0.26283464945412449,-0.32178257899042279,-0.20810858037931146,0.3390911730505366,0.084052408955881897,-0.28957727302813652,-0.56012303088479465,-0.09481382790825188,0.14727138175355467,-0.0090736540572724372,-0.075882853237582037,0.45828960037098931,0.94090874825260362,0.11580271423663871,-0.44895739119756478,-0.096277946404136436,0.28668701507012728,0.29608046020915324,0.08611020495016708,0.17275641021428428,-0.13835047035713394,0.20691715707943648,0.08888832782925464,0.96858964658906355,0.36908936274366355,5.7003629387040853,0.54617877034197648,-0.55152622540790697,-0.26231682450191857,-0.69135674897927157,-0.25660894297334808,-0.43968133633881706,0.53610906125256774,0.019247081005614924,0.14993299470233934,-0.54616080993233351,-0.039407398851829187,0.56383992321430043,-35.673163005670304,0.22422743082811925,-0.13889708788076013,-0.47907915143234631,0.5198769416812542,0.21826224908877961,-0.44098314236989516,-0.54573298622902167,0.044634495260846202,-0.24328732836480418,-0.34892113245433432,-1.0548485338276934,0.3554051930171031,2.3502093299250566,0.11338726943525104,-0.34724469280755277,-0.35952665257574684,-0.039256406945364558,-0.04735364188299198,0.44260249653539097,0.23736382932243905,-0.15050483300765885,0.50020402223141969,1.2800745614098756,0.36908936274366355,1.9182774161523972,8.5045040793114506,0.32799329091194135,-0.21279295905958698,-0.92115782508238353,-1.0981798545854633,-0.79608243951992885,-0.6292197003471679,0.1728104528882784,0.33452704359157798,0.29087824071922508,-1.3577824736528175,0.41523521913092143,0.0043078558104094888,1.7366570742081846,-20.014146530722005,-2.5423691915854745,5.2611662247697417,-1.4514519966737467,5.5371197710716888,19.24950826990743,3.3271681624421898,-5.4133158744445824,8.6655279309464603,-2.3665088663673806,-9.8479391303417536,-5.8051308953821348,14.408925618966427,6.6912594035372326,12.547564528880166,5.3562146099619712,10.536047113336954,-3.5386238890571509,-6.3448909432579459,-9.9312388510826999,7.2567151760937234,-0.29470518647961619,7.3733668484757642,5.7003629387040853,8.5045040793114506,2491.7498744523928,96.137523240051678,-198.10894412397221,-116.61997411845579,-186.3951977447831,-136.31068648884263,-81.600373737199376,7.9759012251393617,27.628979974076255,81.57169849060034,-50.739339703945632,18.685927746128129,58.887563921744288,284.85583768114736,-0.7009055939444957,-0.35017545742771983,0.20921406207458695,-0.0081271045363752181,0.35346478356214039,0.60413851703828958,-0.15118753933635115,-0.29888697082082055,0.49050835268974147,-0.21215932755141861,-0.25254029019057506,-0.18823373223919362,-3.7091506482943473,0.31077899019802357,0.19173606599670417,0.51418427747885742,0.63032302044114885,0.28684077427594878,-0.266362130603786,-0.49989855391753857,0.08774218864844574,0.23493580502883193,0.40076668572684548,0.54617877034197648,0.32799329091194135,96.137523240051678,9.0463274807658607,-6.8308866587721839,-3.4117361864461833,-7.4011048148534888,-3.8828185418417918,-2.4161560502308701,1.7295379563090818,1.5489689201000234,4.2240973786076381,-2.2557727168058381,0.89321679406338861,2.6030622738806199,11.774930944232258,2.1726814018807858,0.072776567727762129,-0.13385573159827868,-0.186532428991942,-0.34326767440166484,-1.7323425800455858,-0.16087544450182578,0.94314108447230094,-0.87862878958323742,0.29748835242757055,0.97033767102911483,-0.045776784522843589,2.4340571360052632,-0.88721437204797104,-0.40685726807046624,-0.5023636884882754,-1.6051504749626,0.22564582914861542,0.074274721040242242,1.4595109184985167,-0.26751170410147057,1.1207352622838953,0.05017209514114257,-0.55152622540790697,-0.21279295905958698,-198.10894412397221,-6.8308866587721839,20.999743409198341,9.6447652822987706,13.966865296414568,10.902001826042156,7.0704279655314712,-1.9172345910724891,0.25960071833393406,-4.4812480635138732,4.1132574126066768,-0.98877001159351885,-4.8919235549686544,32.159388976037022,0.89416426515273317,0.20380813663637903,0.017505242463202564,-0.21059280822802415,-0.27320794065770571,-0.68735403591819177,0.12649519383088964,0.12675936707229724,-0.2351411903787301,0.082569604232228838,0.8215112838247749,0.035455358893463823,-3.3502899341549535,-0.24199839808509321,-0.43221654933489551,0.12470367166986182,-0.39086000685722483,0.26817871023075368,0.25382470584376626,0.11176116286697041,-0.49011044819215055,-0.19679848554015655,-0.74437854081149457,-0.26231682450191857,-0.92115782508238353,-116.61997411845579,-3.4117361864461833,9.6447652822987706,9.8564777537286297,9.3962879210258858,7.9899131003816439,4.5454752889089649,0.016916554406018906,-1.0790039048947229,-2.7631007146266429,2.7948855135800512,-0.85548785589401866,-2.9696641931618499,-5.1036874865781865,1.450682618366429,0.52803205169371081,-0.39215288243717455,-0.2719317611092853,-0.55746162611482264,-1.0245824223750759,0.10878220559010321,-0.082580914699331209,-0.43154550439620776,-0.019100955467282632,0.95472745449471641,0.13769126101940454,0.074897122193603449,-0.058747763999025357,-0.49145389732932032,-0.3331969931922929,-0.54917465666279119,0.017725380966272519,0.75516671420691239,0.12361845732952162,-0.9497061809424987,-0.56995084038158916,-1.1346545090809974,-0.69135674897927157,-1.0981798545854633,-186.3951977447831,-7.4011048148534888,13.966865296414568,9.3962879210258858,18.035848448044,10.83657693347859,6.9310222432974049,-0.60237045276663692,-1.8283112131332155,-6.3670324037207919,4.4873428129429129,-1.6267034671832743,-4.2664369727099221,18.089027689630306,0.92138186586452697,0.30071344558847068,0.07334668819081408,-0.015339724495111728,-0.41785279406615911,-1.1321887864652986,0.16190506120120995,0.71037989208406804,-0.55687243081759685,0.41531309980836212,0.72092720297938273,0.38298675021375594,1.3301148733157468,-0.47630936984784389,-0.56787331959978971,-0.35836306246606159,-0.79417525132975197,0.29518373725039426,0.13027147088868909,0.78697308384034081,-0.086402494308405908,-0.0079416183526042072,-0.80229298860960618,-0.25660894297334808,-0.79608243951992885,-136.31068648884263,-3.8828185418417918,10.902001826042156,7.9899131003816439,10.83657693347859,12.2810259354225,5.687886744366061,0.74080977939076265,-0.69298031314229336,-3.4616647597623023,3.094409320739671,-0.58673913705912417,-2.8302931944296486,-67.905802236473676,0.85312142908284305,0.019503090335609062,-0.042326112216103245,-0.22260049878425131,-0.18146209895010287,-0.46486120039493822,-0.028774226169174896,0.28759925202113523,-0.22585035430280673,0.20006654585200664,0.73046157676286472,-0.17674457651865652,-1.3176739407670017,-0.38013917533781394,-0.045706754372857816,-0.11472142416111106,-0.56884482183619633,0.11295789793455135,-0.077592420742097878,0.48668503124323559,-0.084946153205430586,0.32444972557434648,-0.38025238863120037,-0.43968133633881706,-0.6292197003471679,-81.600373737199376,-2.4161560502308701,7.0704279655314712,4.5454752889089649,6.9310222432974049,5.687886744366061,6.5532567370051709,0.1925968898421101,0.086478774964198646,-2.0135725302332008,2.1718675374630418,-0.94743987174910771,-1.802748554321407,30.058775782360481,-0.58943293522844853,-0.11603209628853511,-0.7157686860972805,0.6117577244467971,0.060280606082077304,-0.10586521514782044,-0.78795401867619608,-0.56719576659862148,0.28072439047168224,-0.217363348057108,-0.5205283361914198,0.84736306404997752,-1.5138116680952769,0.37398109690160453,-0.88672783498286656,-0.32815031839184305,0.88089939036785148,0.17361121066997603,0.64747148952913836,-0.46634352145849339,-0.51856390754913084,-0.74945206732754022,-0.328797163667503,0.53610906125256774,0.1728104528882784,7.9759012251393617,1.7295379563090818,-1.9172345910724891,0.016916554406018906,-0.60237045276663692,0.74080977939076265,0.1925968898421101,4.6365791382326602,0.37104200840400303,0.48841841569114353,-0.55347366341343007,0.036699711277325922,0.61573088909677787,-59.065681979482115,-0.09122248315444445,0.27346122595253108,0.54388070015326795,-0.26635021600128062,-0.077238403120234278,0.1169681400708059,0.70092781730132769,0.53561357891128059,-0.20320291461173118,0.19580786446433765,-0.03098318282861301,-0.31797940040931089,9.8745556030336594,-0.079774981448274856,0.84878414261669533,-0.1893595578361385,-0.59663623911101415,-0.31926089644041378,-0.32671923153113619,0.48409857408572904,0.63587225890534516,0.37861465177515391,0.12741013270202647,0.019247081005614924,0.33452704359157798,27.628979974076255,1.5489689201000234,0.25960071833393406,-1.0790039048947229,-1.8283112131332155,-0.69298031314229336,0.086478774964198646,0.37104200840400303,5.5714254529138767,3.0149492386492209,0.99398166619106088,0.79742743895258406,1.0930020151605337,-16.662289761530847,-0.38269891270260931,-0.48476401994374385,0.44620778645099451,-0.28659902171586182,0.28609651571809441,0.69627130218061262,0.031080490193884702,0.081010253519949282,0.32230587378329567,0.1159995661827827,0.37231843651237539,-0.69082716552702705,6.8584938189544964,-0.19888928699991126,1.101844078489288,0.13587911771118039,-0.21831359342566847,-0.18447820908119306,-0.83284803024402421,0.50256896237715032,0.74270182699698228,0.8854431093800087,0.29305405810825824,0.14993299470233934,0.29087824071922508,81.57169849060034,4.2240973786076381,-4.4812480635138732,-2.7631007146266429,-6.3670324037207919,-3.4616647597623023,-2.0135725302332008,0.48841841569114353,3.0149492386492209,7.6377524401598933,-0.52731258808084736,1.6580617129124255,2.071941666203621,61.902881467455821,0.1204184923915244,0.49405820184355947,0.38846072917250746,-0.57531750196503828,-0.3924028848839608,0.25846484808875392,0.8947809068956718,0.022826401922300704,-0.048360562101457033,0.27766965912254687,0.97075120731591025,-0.33353291749108049,4.4217635732814955,0.027502292353309907,0.60998446443966392,0.073885859825220501,-0.3482827229884744,-0.36594816910015404,-0.12834506979929661,-0.06745345962201299,0.13211223484020401,-0.7745459094978655,-1.2955780794623675,-0.54616080993233351,-1.3577824736528175,-50.739339703945632,-2.2557727168058381,4.1132574126066768,2.7948855135800512,4.4873428129429129,3.094409320739671,2.1718675374630418,-0.55347366341343007,0.99398166619106088,-0.52731258808084736,6.2856195142610298,0.37886669679936458,-0.30747441991871738,-5.362637448998921,-0.01912882970803105,0.20405782081452178,0.21612219784116821,-0.051634713084105319,0.029679756258991816,-0.0062119149821374189,0.34984650958997948,0.33456004052513122,-0.22063986148263504,0.052955892259494847,-0.3364931611357021,-0.080511784656157812,3.2502733769444236,-0.065026259508186093,0.32755334132761788,-0.08356980651818248,-0.29994660437753162,-0.16083402380634401,-0.11497280078058333,0.1734225894989273,0.3447856037988361,0.22643244813635943,0.37247498209004093,-0.039407398851829187,0.41523521913092143,18.685927746128129,0.89321679406338861,-0.98877001159351885,-0.85548785589401866,-1.6267034671832743,-0.58673913705912417,-0.94743987174910771,0.036699711277325922,0.79742743895258406,1.6580617129124255,0.37886669679936458,4.2645061386487422,1.0260352718934604,-14.771529167328026,-0.99925637413042812,-0.59657448111811373,-0.3782042277729723,0.36557517361768843,0.18076777914370859,0.43005786975023585,-0.78261344020308798,-0.61286488437853515,0.60372918447099311,-0.057246679556664903,0.086658238110872671,0.4162148908070058,5.2583282554220645,0.20670664428891028,-0.044030088404085732,-0.2499045669082553,0.77592559969747976,0.014878330305318321,-0.068171214165605232,-0.025324692089367995,0.12143223241109963,-0.25962019953810039,-0.52322112494386741,0.56383992321430043,0.0043078558104094888,58.887563921744288,2.6030622738806199,-4.8919235549686544,-2.9696641931618499,-4.2664369727099221,-2.8302931944296486,-1.802748554321407,0.61573088909677787,1.0930020151605337,2.071941666203621,-0.30747441991871738,1.0260352718934604,6.7980729215326656,-17.4338070361908,51.275872045704027,-32.258054500312866,-25.782904829824069,-45.462133858731121,18.876208947988712,45.100043660642321,-30.135940456151168,-62.454417867702574,31.165430164330107,-34.120796525013247,48.35193322246166,-79.832448127936857,62.854371156352016,16.104370135061085,75.530191336833155,14.947800442267745,-2.5630582141922744,-16.950225145098532,-2.918289978539697,-9.8683253347383797,-31.77125642387761,54.861523767313628,17.846255614971174,-35.673163005670304,1.7366570742081846,284.85583768114736,11.774930944232258,32.159388976037022,-5.1036874865781865,18.089027689630306,-67.905802236473676,30.058775782360481,-59.065681979482115,-16.662289761530847,61.902881467455821,-5.362637448998921,-14.771529167328026,-17.4338070361908,15147.422085877099;
}, {
  type = "FULL";
  num_rows = 39;
  num_cols = 39;
