@ Sof v1.0 @
@ HDPHMM 0 @
pi_init = 1;
pi_z = {
  type = "FULL";
  num_rows = 1;
  num_cols = 1;
  values = 1;
};
pi_init_with_none_emitting = 1,0,0;
pi_z_with_none_emitting = {
  type = "FULL";
  num_rows = 3;
  num_cols = 3;
  values = 0,1,0,0,0.87655341625213623,0.12344656139612198,0,0,1;
};
@ emission_model 0 @
pi_s = 0.9656123291975266,0.0057761283776553039,0.016719996207580905,0.011891546217237224;
mu = {
  -17.27049195748496,2.130416683951406,10.619076227645714,2.9552928268369465,0.98938560787120522,0.31057066589676408,2.4118199207523112,0.038422602802913014,1.4676929764693674,-1.5089407136363091,-1.2164447052317731,1.4217825312909094,5.212024053163951,0.97175659357733291,-0.40067098907278476,-0.83482682617446669,-0.016737428402992895,-0.24615970325265432,-0.22809236272976097,-0.23514287190386918,-0.026415006879961331,-0.039062392918206547,0.06171121943891214,0.25185659120277648,0.070145203332804218,-0.22016603751331654,1.2140731584835114,-0.15337777878001685,-0.20144744024714081,0.080531304394424463,-0.14717086174260188,-0.21798734428881497,-0.48123948206095407,-0.058726795828224987,-0.086537902703080941,-0.16920672694169314,-0.03733727408781802,-0.046851537838274469,-0.093197032641769761
}, {
  -10.824342296605568,6.5739102111870329,5.7237731887379191,8.6217360213261394,3.2634587251779115,-12.201022837518339,-5.9340011368223795,1.4222258659158791,6.4928701828388036,-5.7181879390505266,-5.0628376489840008,2.5132512506915461,6.0667511468103275,-4.4941741076929151,0.46567662499534007,3.4108074464523059,1.7089503185281618,-0.62484030898766529,-1.657877727412453,1.8571360315854504,2.9712607111673774,-0.45296291514986231,-1.5730229210552678,-0.27390602064381059,2.0169499658565089,0.10999500325520736,1.389765719661513,-0.48209380872400676,-0.38076439434599185,-0.94560217902711574,0.070587056645684043,1.790394058068417,-0.70763318031093436,-1.3326349520843046,-0.49709817691324909,0.57918179459127406,0.20721265857852797,0.54310158105809592,0.26268409186823793
}, {
  -15.430895535712988,5.5528418975755534,11.761542717420424,0.54062441857389532,4.1865299517343768,1.5062379668455139,2.9825111105483861,-2.7044069488479465,0.3224951138897777,-6.4107203124300804,-1.2337846208196792,0.71281713338483232,2.632649807972621,-3.3340233629406413,1.5510248046133892,-1.0076763905990038,0.10898920032983764,2.4876963946258588,2.1508243844156039,2.0317250379966176,0.044248033198157469,1.242327978820851,-0.48459435363883724,1.3393579011474168,-0.18342538237923375,-3.294072019058131,0.91314624282456403,-1.0900199611280694,-0.38444584861584685,-0.65459398633339538,-0.76013525594204756,-0.70819937211224315,-0.41767545937478046,0.30556868997697362,-0.12157540862456527,0.64803620109778259,-0.18772610387809752,0.4848590572172381,0.98296408190166695
}, {
  -15.033080859728532,7.9423027007035811,11.173119909673403,-0.018374655851375099,-3.3358836224947783,3.3121592327799063,2.143567821468213,0.77435985391248296,-3.9691425172592916,-2.2126350652886351,5.0744049224944758,-6.6058164573990492,4.394745653129875,6.12420900187578,-2.0231893457002599,3.7399059725735522,1.5585008725163625,-3.5421195474394764,-1.6993745518675563,-1.2608488866514003,-1.3118556093107798,-3.0039074212653798,1.3980055472728556,-1.7285074362857351,-1.0340285195878989,-0.49699074145870564,0.64024193768509718,-0.47531879320181059,0.046968896288626924,-1.7344100970040355e-05,0.10380611812139061,-0.78501267139152309,-0.38379484519228751,0.31911821385987388,-1.0733726664081142,0.84981268023567824,0.25908575417284879,0.63986322662087014,0.033281503497890955
};
invSigma = {
  type = "FULL";
  num_rows = 39;
  num_cols = 39;
  values = 0.045424092402328357,0.003372499947857076,0.0030390362834158517,-0.0086241487594073511,0.0077781140179541399,0.0052006499182563094,0.019509534252037074,0.011954524965325682,0.0081618678001799637,-0.000145359308080035,0.011534138230233127,6.4093427490975681e-05,-0.0010204072688797313,-0.016141972233384237,-0.01011866013655059,0.0038887229898339802,0.012317012906199278,-0.0023508243121086484,-0.010458842876986204,0.00051488520310819419,-0.012083312880051315,0.0058499450589489053,-0.0010860033497904461,0.0074786497762220844,-0.0048453806868873827,-0.00027410639271144857,0.20759598526983111,0.053432008134041878,0.055079988394853931,-0.010780143624234562,0.047760601813372015,0.012117618052583727,0.10129475556652956,0.043149709746893146,0.033360724877361046,0.0066838583881218246,0.022392097995860224,0.019207983725127872,-0.026047776510045303,0.003372499947857076,0.065549209525111174,-0.0054834689570023099,0.008797608913441864,-0.02255068566079213,-0.0090207607085956432,-0.0064233553182613378,0.0059536376368571012,0.014361950113046518,0.007405753233560115,-0.0053819335823114441,-0.00036945878137024289,0.0006582291690015934,0.0053279255565079932,0.0067517268937335884,-0.0028479253415304041,-0.0035268440798940587,0.0075108799676410582,0.0035357394273044678,-0.0019331284518670799,0.0011204744763042933,0.002463694248617775,-0.0034688035408259746,0.00049879005757447409,0.0014184892546091057,-0.00031754385471489645,0.023412765850072067,0.3586204136020687,-0.066510048652073994,0.038981337945173083,-0.10513541477623189,-0.027314269541760097,-0.045202886156593514,0.040539097931881068,0.063203636294941412,0.038916059493368307,-0.01119380398024424,0.011373511967567073,0.0058779232282819595,0.0030390362834158517,-0.0054834689570023099,0.038632319893145778,-0.0063773328099762548,0.0094394956976115649,-0.002493496576734758,0.00035273212436903707,0.00013121744132694042,0.011138989042483505,0.010915048586558378,0.0052061315197461013,-0.0009107639149854756,-0.0047023849760310828,0.0043246272912347353,0.012083695054343573,-0.013945508232179746,-0.0043757758896947468,0.0029683635553423224,0.0073327160238713966,0.0012797063645637306,0.0085171677542920446,-0.0052769575883190737,-0.0022197202616480818,0.0021095323354841156,0.0045155666535787019,-0.0069222120525545723,0.0075262244960446773,-0.021223756596049831,0.21891270372002625,-0.0502545945593489,0.060909860841338655,0.0082461484972221142,0.0029980478534625691,-0.0042679795693210277,0.068672387047085406,0.06531783611391348,0.020024495423216417,-0.010430521893117094,-0.015061289589863362,-0.0086241487594073511,0.008797608913441864,-0.0063773328099762548,0.045824315804515375,0.0085998708172640922,0.019056183123318172,-0.0069334508471267427,-0.00040981564086774701,-0.0042011524713802435,0.0084951510115678398,0.0034879520756280983,0.0053668143065167912,0.008083865582003965,0.0047114183754858987,-0.0066512367095982686,-0.00067291633267794256,-0.0040246198309107015,-0.0078741464696640145,0.0046972131916349488,-0.0015227254413602306,0.0023920982766820875,-0.0051213007742018897,0.0050043788326143658,0.00068419499861232386,0.0012783007784657344,-0.0086625952492780482,-0.056537200981365207,0.038861538753512996,-0.043709836211138851,0.23304585868087102,-0.0030451581457627227,0.080025303662072916,-0.035843016674587759,0.016847554623676396,-0.0021824546848624943,0.04688495633864502,0.011243226627731761,0.012366829776173215,0.050179856218417786,0.0077781140179541399,-0.02255068566079213,0.0094394956976115649,0.0085998708172640922,0.056666498328137554,0.013295044471061293,0.0087545475027021365,-0.0060513651457598724,-0.0039061342688213241,-0.0055534030371362508,0.0087519985843530906,0.0034665236695369346,0.015577759822332359,0.0027862165106700572,-0.013548993156484165,-0.0015851929539700993,-0.004995381993477834,-0.005699116941289625,-0.008873928412915115,0.005513560285046174,0.0038750575584184819,-0.0032083413671073757,0.0030037023627060245,0.0033021112453011899,-0.00043995392759543019,-0.015498858268223042,0.027770650680299738,-0.12838728131492708,0.054617538630372005,0.045067628180757303,0.29204211557086979,0.032575325523605272,0.032678938856680315,-0.007838399367239228,-0.0091186703279660022,-0.03918082708323789,0.033904010589815001,0.020749401352036227,0.080848161987998712,0.0052006499182563094,-0.0090207607085956432,-0.002493496576734758,0.019056183123318172,0.013295044471061293,0.046542745760363415,0.0080533587662152857,0.0018355683449311449,-0.0094746081765308375,0.0025807257561729548,-0.0040307183142525927,0.0037912499962750239,0.012730170194076414,-0.0012076778132997005,-0.006731157518700414,0.0053695093953169187,-0.0064857630093077909,0.00015614779160028883,-0.002767624207945013,-0.0080457243684545609,0.0078335947870169995,0.0041315129172364434,0.0085560138791974487,0.0038778576953901814,0.0075183635627820312,-0.0065455939777004013,0.027728966427399582,-0.042211289264488049,-0.023558953714131615,0.10645215527752054,0.055547730455311778,0.23008826229216606,0.016066824647224254,0.030303903739924691,-0.031075886841162095,0.021658576690906931,-0.033141281048560352,0.0033576361387469339,0.060072001179421408,0.019509534252037074,-0.0064233553182613378,0.00035273212436903707,-0.0069334508471267427,0.0087545475027021365,0.0080533587662152857,0.042868245872258862,0.0062954258030152033,0.0025684398294511185,-0.0084719719171549145,0.0016389588023224878,-0.002521996242453306,0.0042970657346284129,-0.0040969448340386922,-0.0090124022951105567,0.010006975061686806,0.012569420573220956,-0.00066222423783994858,-0.0023370037977249757,-0.0053694045373050931,-0.0022798791378813989,-0.0027911797725261823,0.0002423785734684353,0.0028169516820746119,0.0020890900791905851,0.0047587864698818306,0.1058527634098152,-0.031821132793974277,-0.0041893069164235224,-0.042117098977431766,0.048489780655063368,0.043302841587462518,0.20181974923047477,0.021281579435652641,0.0060711850040245157,-0.010568405000879633,0.0037412092041597179,0.0039889807185316574,0.021345477975866917,0.011954524965325682,0.0059536376368571012,0.00013121744132694042,-0.00040981564086774701,-0.0060513651457598724,0.0018355683449311449,0.0062954258030152033,0.047252177985788686,0.015277082787878912,0.0055299267963481993,-0.00018460369820306736,-0.0045965004751928554,-0.002542073082809842,0.00034958647368849352,0.0020515999018346815,0.00060516337783873863,-0.003078147432504493,-0.002368268977587669,-0.0024434272976954622,0.0022164645805947359,-0.0033790115128367834,-0.0052986414009045073,0.0071306556333367811,0.0081248727705920572,0.0031594373028303348,0.0026755909438396005,0.069446649724345444,0.03841043067907092,0.0092915733097575746,-0.028975914715375455,-0.032547880701132029,0.019576088287096501,0.037646504957932564,0.22214799581935299,0.055977402626438043,0.045506419457626957,0.0028917718060243632,-0.0037831117184121956,-0.00315926499447669,0.0081618678001799637,0.014361950113046518,0.011138989042483505,-0.0042011524713802435,-0.0039061342688213241,-0.0094746081765308375,0.0025684398294511185,0.015277082787878912,0.052720766356985638,0.013457334801346968,0.0053418089443814255,-0.0052647635595798187,-0.0081307535018417115,0.00082151605150052379,-0.0016754579871803153,-0.010142612229694918,0.0024462523428978381,0.00071881766690958426,0.0042475754089532245,0.0071370880958568032,-2.4037019219249429e-05,-0.0090296392438157028,-0.0052629076226117268,0.0024722964609710076,0.0062623075922569188,0.0069523880441474612,0.027920577938707565,0.049618720183540507,0.087352828418432699,-0.042380380958717878,-0.027590172215229667,-0.042674706252846556,0.024307650700094351,0.072658582710230291,0.2599821200737632,0.05865114430073412,0.042960251638009636,-0.010231589003077704,-0.037353861908922301,-0.000145359308080035,0.007405753233560115,0.010915048586558378,0.0084951510115678398,-0.0055534030371362508,0.0025807257561729548,-0.0084719719171549145,0.0055299267963481993,0.013457334801346968,0.051681730661255636,0.0041248249432964046,0.0075414328576562349,-0.0032447810709399804,0.0045110429002674004,-0.00047405431239540844,-0.0066544408434094753,-0.0029790962845213094,-0.0040879467521374325,0.0018395385828064248,0.0056320734310520079,-0.00095534921113664146,-0.0051202901584867502,0.00067895759352598509,0.00052793979583618152,0.0072381813663521871,0.012865939427680013,0.0099785686140074579,0.011963562770032628,0.052857671899836464,0.038310535246757808,-0.046695476478264449,0.011334470637644423,-0.042541906629499443,0.03702322513985918,0.069942387833790087,0.24333778709985393,0.022169847252336228,0.017974540439850452,-0.038524563554723015,0.011534138230233127,-0.0053819335823114441,0.0052061315197461013,0.0034879520756280983,0.0087519985843530906,-0.0040307183142525927,0.0016389588023224878,-0.00018460369820306736,0.0053418089443814255,0.0041248249432964046,0.047855757229503124,-0.00042893209394301871,-0.0050802390575836612,-0.0049426286183490041,-0.0031786638509323311,-0.0045477377552539545,0.00018083217529271363,0.0042222630785288574,-0.0050050304769232411,0.0044837508007010245,-0.0046833533276831735,0.0024854020575300687,-0.00011969502978297791,0.0072957410055890237,0.0067331753448363844,0.0035333870462252075,0.058403858818672022,-0.0087292398085553839,0.015812477924396981,0.04888482282736472,0.043909570165594138,-0.017934090592739649,0.016911896761010143,0.0018989552181067773,0.050653816519082566,0.017538538696421756,0.20638352077210009,-0.002761521747049083,-0.00063857474687468389,6.4093427490975681e-05,-0.00036945878137024289,-0.0009107639149854756,0.0053668143065167912,0.0034665236695369346,0.0037912499962750239,-0.002521996242453306,-0.0045965004751928554,-0.0052647635595798187,0.0075414328576562349,-0.00042893209394301871,0.054350643599373805,0.0080778119557099303,0.0031402485795386592,-0.010297746606238301,0.0075627138617204602,-0.0078469513633341662,-0.0066451215076336057,0.0022230996082727573,0.0024416153154021101,0.0033971393772916705,-0.0040346941792639476,0.002593894258706258,-0.0044822392746734245,0.0031572409401682245,-0.0047648614252039558,0.0073983581784469636,-0.011465957567271591,-0.035603096570071588,0.055900220151453864,0.021529493613528908,0.02517078198124233,-0.014849519350022423,-0.033867051069832871,-0.035032171886110693,0.03802532748299102,-0.0021282706287571009,0.26327487920599868,0.021941999072128932,-0.0010204072688797313,0.0006582291690015934,-0.0047023849760310828,0.008083865582003965,0.015577759822332359,0.012730170194076414,0.0042970657346284129,-0.002542073082809842,-0.0081307535018417115,-0.0032447810709399804,-0.0050802390575836612,0.0080778119557099303,0.079735066945460037,4.2610453768583689e-05,-0.0085649383914212958,0.001352244725871316,-0.011465560510102097,-0.0034720039025785028,-0.0075931881567215271,0.0001602649403675408,0.0055237333666689429,-0.0014349806168404348,-0.0010754441795109246,0.0072728208876206915,-0.0010195719272641836,-0.078232253318740674,-0.014541364584649797,0.048744774729924986,-0.053362793810474422,0.049432910776924341,0.07844605351254913,0.069919520238921395,0.018901346376841162,-0.0089059647674853606,-0.046937868409395844,-0.034007018108071413,0.00093232805298252685,-0.014524163258337348,0.33122532398517612,-0.016141972233384237,0.0053279255565079932,0.0043246272912347353,0.0047114183754858987,0.0027862165106700572,-0.0012076778132997005,-0.0040969448340386922,0.00034958647368849352,0.00082151605150052379,0.0045110429002674004,-0.0049426286183490041,0.0031402485795386592,4.2610453768583689e-05,0.17717957852970323,-0.023796990207390172,0.054436056168157776,-0.078373568794021992,0.06950256403301977,0.070654653943291235,0.11280403292014389,0.044716364346654845,0.048575873389356261,0.032136759106713507,0.024124709039700119,0.023663691420411977,0.05647235812445997,-0.011907732598762088,-0.10085496590330284,-0.022032694867504522,0.035056072101460271,-0.001566526211390527,-0.056697195703465347,-0.032161683117171748,-0.010621520657294192,-0.012453864671919529,0.026061150601479541,0.011270605902939624,0.012969110044359376,-0.065342642818142394,-0.01011866013655059,0.0067517268937335884,0.012083695054343573,-0.0066512367095982686,-0.013548993156484165,-0.006731157518700414,-0.0090124022951105567,0.0020515999018346815,-0.0016754579871803153,-0.00047405431239540844,-0.0031786638509323311,-0.010297746606238301,-0.0085649383914212958,-0.023796990207390172,0.44052721240118597,-0.10658260751010887,0.08792614647145619,-0.092503085375950284,0.023679228137406146,-0.020531788721517001,0.042368260956301529,0.0531828597725712,0.0062670563029600867,0.0029123490392140216,-0.018574542277663454,0.10973957490036648,0.0046076008317408514,0.023895601359897316,0.083359736831332881,-0.11004350249169828,-0.017027099910521374,-0.012128478575977947,-0.042991690544077046,0.041584170801823805,-0.064829165385449875,0.068665086407140266,0.01279109965051075,-0.040012203834580484,-0.080976589952366521,0.0038887229898339802,-0.0028479253415304041,-0.013945508232179746,-0.00067291633267794256,-0.0015851929539700993,0.0053695093953169187,0.010006975061686806,0.00060516337783873863,-0.010142612229694918,-0.0066544408434094753,-0.0045477377552539545,0.0075627138617204602,0.001352244725871316,0.054436056168157776,-0.10658260751010887,0.40780402054289949,-0.1360071763881745,0.10550483885508107,-0.078736763712796531,0.0083964264969113162,0.037060128548717347,0.047403211060737645,0.065959626410553945,0.026765381438761213,0.041143708168093054,-0.09222621002463352,0.042341728291617156,0.061144229396266389,-0.1836261227731214,0.042873178323647267,-0.046238456822891863,0.060161804405286914,0.011371722150986743,-0.026032191973256881,-0.14863111231839635,-0.076166625052421499,-0.066690303577708276,0.061473517666029473,-0.0032725367695430035,0.012317012906199278,-0.0035268440798940587,-0.0043757758896947468,-0.0040246198309107015,-0.004995381993477834,-0.0064857630093077909,0.012569420573220956,-0.003078147432504493,0.0024462523428978381,-0.0029790962845213094,0.00018083217529271363,-0.0078469513633341662,-0.011465560510102097,-0.078373568794021992,0.08792614647145619,-0.1360071763881745,0.41050740957910836,-0.085799691821397017,0.096524659905679766,-0.066078585250521502,-0.0049259987699735372,-0.0036239477421854539,-0.0079408173209535946,0.003918256949478823,0.0021894401241360269,0.11204022539735779,0.05814587854314289,0.06508536521254854,0.076256761713144522,-0.052870747530809351,-0.070364576097085241,-0.045109090954479757,0.14417088098839537,-0.0075027173177426472,0.10014871899374191,0.049262346525839731,-0.013373554745896521,-0.10580134031288113,-0.022205723122514544,-0.0023508243121086484,0.0075108799676410582,0.0029683635553423224,-0.0078741464696640145,-0.005699116941289625,0.00015614779160028883,-0.00066222423783994858,-0.002368268977587669,0.00071881766690958426,-0.0040879467521374325,0.0042222630785288574,-0.0066451215076336057,-0.0034720039025785028,0.06950256403301977,-0.092503085375950284,0.10550483885508107,-0.085799691821397017,0.30915824930837249,-0.041866166502835311,0.069333030431626461,-0.025854477973676477,0.016975837040721958,0.0045975720403880725,0.011690210582959944,0.0026430782516745728,0.062396240558769453,0.010594975088288156,0.061964334851303426,-0.031643734401080842,0.041658764826656168,-0.065334123932580729,-0.014247435702800997,0.026212223344872609,0.022645985523764251,-0.0054509821412129398,-0.036875048395292168,0.057345462906131087,-0.022984752400216434,0.016946211722884068,-0.010458842876986204,0.0035357394273044678,0.0073327160238713966,0.0046972131916349488,-0.008873928412915115,-0.002767624207945013,-0.0023370037977249757,-0.0024434272976954622,0.0042475754089532245,0.0018395385828064248,-0.0050050304769232411,0.0022230996082727573,-0.0075931881567215271,0.070654653943291235,0.023679228137406146,-0.078736763712796531,0.096524659905679766,-0.041866166502835311,0.29495948975790504,-0.012569115321615636,0.045265873545507436,-0.043881664475300161,-0.0061125760316985255,-0.043275136115344885,0.022241543626385325,0.10900665307811491,-0.012492649081969563,-0.044958957437292835,0.055653901700384603,0.033425021137739777,0.072339336057210657,-0.062958493376110147,-0.029402902906720155,-0.029336594402499673,0.069709714946049911,0.063823621595444954,0.014393588777015156,-0.067120597352478148,-0.083140246192643263,0.00051488520310819419,-0.0019331284518670799,0.0012797063645637306,-0.0015227254413602306,0.005513560285046174,-0.0080457243684545609,-0.0053694045373050931,0.0022164645805947359,0.0071370880958568032,0.0056320734310520079,0.0044837508007010245,0.0024416153154021101,0.0001602649403675408,0.11280403292014389,-0.020531788721517001,0.0083964264969113162,-0.066078585250521502,0.069333030431626461,-0.012569115321615636,0.29147359690898633,-0.041624630063815421,0.066683751309204661,-0.03494898120873071,-0.0021970005329357565,-0.011150164150382141,0.088049694615075391,-0.011126063023172171,-0.078675307718918258,0.032050351889006894,-0.063326921900386482,0.012688032777528068,-0.013072246052952912,-0.044738473726034171,-0.0019842842753870112,0.071077841176979864,0.018803877750317111,0.012474929188033267,0.068896796784724532,-0.13538018461269025,-0.012083312880051315,0.0011204744763042933,0.0085171677542920446,0.0023920982766820875,0.0038750575584184819,0.0078335947870169995,-0.0022798791378813989,-0.0033790115128367834,-2.4037019219249429e-05,-0.00095534921113664146,-0.0046833533276831735,0.0033971393772916705,0.0055237333666689429,0.044716364346654845,0.042368260956301529,0.037060128548717347,-0.0049259987699735372,-0.025854477973676477,0.045265873545507436,-0.041624630063815421,0.36018959068325535,-0.019946733125679655,0.067670932838987216,-0.044358166969482304,0.020857338421458819,-0.015296243487553911,-0.036692081469373326,0.0024716394348637686,0.035196379202761509,-0.0026088468969179632,-0.005680319388138835,0.099209768737710827,-0.0042619277524968743,-0.048472624431635337,-0.043237834773625944,0.010340885763765018,-0.016386256954823791,0.0063944864675354457,-0.023366902986252675,0.0058499450589489053,0.002463694248617775,-0.0052769575883190737,-0.0051213007742018897,-0.0032083413671073757,0.0041315129172364434,-0.0027911797725261823,-0.0052986414009045073,-0.0090296392438157028,-0.0051202901584867502,0.0024854020575300687,-0.0040346941792639476,-0.0014349806168404348,0.048575873389356261,0.0531828597725712,0.047403211060737645,-0.0036239477421854539,0.016975837040721958,-0.043881664475300161,0.066683751309204661,-0.019946733125679655,0.29894209115780307,-0.0226992209042024,0.057290652416515077,-0.030496874152365887,0.0019669414482505524,0.069009203488346701,0.066703350037551928,0.044276782350793825,-0.054778892841804643,-0.016391850941346649,0.035637630848692571,-0.042950065993177071,0.03924539267757899,-0.056919213704739839,-0.039251745711896449,0.0037742975739756025,-0.0050433559409106838,-0.013597474694136994,-0.0010860033497904461,-0.0034688035408259746,-0.0022197202616480818,0.0050043788326143658,0.0030037023627060245,0.0085560138791974487,0.0002423785734684353,0.0071306556333367811,-0.0052629076226117268,0.00067895759352598509,-0.00011969502978297791,0.002593894258706258,-0.0010754441795109246,0.032136759106713507,0.0062670563029600867,0.065959626410553945,-0.0079408173209535946,0.0045975720403880725,-0.0061125760316985255,-0.03494898120873071,0.067670932838987216,-0.0226992209042024,0.27704341992885739,-0.014430838453242376,0.070279827264451311,-5.6437478832617113e-05,-0.053977449546585538,-0.064460060281158221,-0.019181603164656072,0.0029449998902484741,-0.0099411571701892177,-0.004170664563467541,-0.040810481102331972,-0.012298239344499695,0.0047906733028429674,-0.0059960033391073808,-0.027980986992487984,-0.0076915336199479632,-0.093575215911435333,0.0074786497762220844,0.00049879005757447409,0.0021095323354841156,0.00068419499861232386,0.0033021112453011899,0.0038778576953901814,0.0028169516820746119,0.0081248727705920572,0.0024722964609710076,0.00052793979583618152,0.0072957410055890237,-0.0044822392746734245,0.0072728208876206915,0.024124709039700119,0.0029123490392140216,0.026765381438761213,0.003918256949478823,0.011690210582959944,-0.043275136115344885,-0.0021970005329357565,-0.044358166969482304,0.057290652416515077,-0.014430838453242376,0.35338222959036492,-0.02984065489624281,-0.0087117743804719892,0.04921797512777943,0.0049776506475898725,0.071723529736641048,0.0084636144843060861,-0.036942651873358663,0.014938797112183553,0.02341055758429211,0.024322231475325039,0.015864020318485612,0.06331285634513846,-0.0077519796782289426,-0.016424625240929233,-0.0077960374086039801,-0.0048453806868873827,0.0014184892546091057,0.0045155666535787019,0.0012783007784657344,-0.00043995392759543019,0.0075183635627820312,0.0020890900791905851,0.0031594373028303348,0.0062623075922569188,0.0072381813663521871,0.0067331753448363844,0.0031572409401682245,-0.0010195719272641836,0.023663691420411977,-0.018574542277663454,0.041143708168093054,0.0021894401241360269,0.0026430782516745728,0.022241543626385325,-0.011150164150382141,0.020857338421458819,-0.030496874152365887,0.070279827264451311,-0.02984065489624281,0.37529137175264132,0.00084400883267523935,-0.0029938784874852906,-0.052484547284969998,-0.0013283834269931325,0.060095672769106767,-0.016671794606158367,0.073027497324332072,-0.042320437579028647,0.051044993895592639,0.024682433898376148,0.049634229101516047,0.060141371788404382,-0.025856406760413675,-0.093419195368833086,-0.00027410639271144857,-0.00031754385471489645,-0.0069222120525545723,-0.0086625952492780482,-0.015498858268223042,-0.0065455939777004013,0.0047587864698818306,0.0026755909438396005,0.0069523880441474612,0.012865939427680013,0.0035333870462252075,-0.0047648614252039558,-0.078232253318740674,0.05647235812445997,0.10973957490036648,-0.09222621002463352,0.11204022539735779,0.062396240558769453,0.10900665307811491,0.088049694615075391,-0.015296243487553911,0.0019669414482505524,-5.6437478832617113e-05,-0.0087117743804719892,0.00084400883267523935,0.65041751967148531,0.0049142310849982253,0.0078698376360730061,-0.059562423137014604,-0.035905966857465797,-0.10778641656944425,-0.022705089471773784,0.097380716147684565,0.022825945345961177,0.064989711490953728,0.15820019039426919,0.035868970158286016,0.075121754448468622,-0.48676751847692323,0.20759598526983111,0.023412765850072067,0.0075262244960446773,-0.056537200981365207,0.027770650680299738,0.027728966427399582,0.1058527634098152,0.069446649724345444,0.027920577938707565,0.0099785686140074579,0.058403858818672022,0.0073983581784469636,-0.014541364584649797,-0.011907732598762088,0.0046076008317408514,0.042341728291617156,0.05814587854314289,0.010594975088288156,-0.012492649081969563,-0.011126063023172171,-0.036692081469373326,0.069009203488346701,-0.053977449546585538,0.04921797512777943,-0.0029938784874852906,0.0049142310849982253,2.443468966236181,0.0077340377448582159,0.48736974733551397,-0.50047126962193889,0.44778609007976239,0.51259949291885554,1.055617112297599,0.52024466871800246,0.29191025387868663,0.19684340237746445,0.27072139012291391,0.15904937106798439,0.092782557364972915,0.053432008134041878,0.3586204136020687,-0.021223756596049831,0.038861538753512996,-0.12838728131492708,-0.042211289264488049,-0.031821132793974277,0.03841043067907092,0.049618720183540507,0.011963562770032628,-0.0087292398085553839,-0.011465957567271591,0.048744774729924986,-0.10085496590330284,0.023895601359897316,0.061144229396266389,0.06508536521254854,0.061964334851303426,-0.044958957437292835,-0.078675307718918258,0.0024716394348637686,0.066703350037551928,-0.064460060281158221,0.0049776506475898725,-0.052484547284969998,0.0078698376360730061,0.0077340377448582159,4.3923544209675178,-1.0058637950261091,0.60149561739950996,-1.1410393273992625,0.22008741910267277,-0.30852847363226049,0.46876352784912473,0.4168693743655032,0.19349333054854145,-0.0088921190819242421,-0.053644866222152421,0.81470664232613854,0.055079988394853931,-0.066510048652073994,0.21891270372002625,-0.043709836211138851,0.054617538630372005,-0.023558953714131615,-0.0041893069164235224,0.0092915733097575746,0.087352828418432699,0.052857671899836464,0.015812477924396981,-0.035603096570071588,-0.053362793810474422,-0.022032694867504522,0.083359736831332881,-0.1836261227731214,0.076256761713144522,-0.031643734401080842,0.055653901700384603,0.032050351889006894,0.035196379202761509,0.044276782350793825,-0.019181603164656072,0.071723529736641048,-0.0013283834269931325,-0.059562423137014604,0.48736974733551397,-1.0058637950261091,3.6297264791063872,-1.0362401762199471,0.73418560662560151,-0.33623764982525334,0.1006322945407522,0.20692969282807147,0.76267379913181921,0.57907105352723587,0.20369133980561743,-0.071580466987748309,-0.66376229579842272,-0.010780143624234562,0.038981337945173083,-0.0502545945593489,0.23304585868087102,0.045067628180757303,0.10645215527752054,-0.042117098977431766,-0.028975914715375455,-0.042380380958717878,0.038310535246757808,0.04888482282736472,0.055900220151453864,0.049432910776924341,0.035056072101460271,-0.11004350249169828,0.042873178323647267,-0.052870747530809351,0.041658764826656168,0.033425021137739777,-0.063326921900386482,-0.0026088468969179632,-0.054778892841804643,0.0029449998902484741,0.0084636144843060861,0.060095672769106767,-0.035905966857465797,-0.50047126962193889,0.60149561739950996,-1.0362401762199471,3.3519609283466476,-0.37011577980279942,0.815229776684258,-0.5324979746639289,-0.024189094835563078,-0.20853188164944081,0.2565165099051448,0.1518030260033395,0.34321248636347657,0.67531862818846866,0.047760601813372015,-0.10513541477623189,0.060909860841338655,-0.0030451581457627227,0.29204211557086979,0.055547730455311778,0.048489780655063368,-0.032547880701132029,-0.027590172215229667,-0.046695476478264449,0.043909570165594138,0.021529493613528908,0.07844605351254913,-0.001566526211390527,-0.017027099910521374,-0.046238456822891863,-0.070364576097085241,-0.065334123932580729,0.072339336057210657,0.012688032777528068,-0.005680319388138835,-0.016391850941346649,-0.0099411571701892177,-0.036942651873358663,-0.016671794606158367,-0.10778641656944425,0.44778609007976239,-1.1410393273992625,0.73418560662560151,-0.37011577980279942,3.2151948293263541,-0.16454730159435502,0.46726136555619613,-0.16203755090458954,0.012840076655691372,-0.2906207565205613,0.18809423931545244,0.11785838988211075,0.81636843045300334,0.012117618052583727,-0.027314269541760097,0.0082461484972221142,0.080025303662072916,0.032575325523605272,0.23008826229216606,0.043302841587462518,0.019576088287096501,-0.042674706252846556,0.011334470637644423,-0.017934090592739649,0.02517078198124233,0.069919520238921395,-0.056697195703465347,-0.012128478575977947,0.060161804405286914,-0.045109090954479757,-0.014247435702800997,-0.062958493376110147,-0.013072246052952912,0.099209768737710827,0.035637630848692571,-0.004170664563467541,0.014938797112183553,0.073027497324332072,-0.022705089471773784,0.51259949291885554,0.22008741910267277,-0.33623764982525334,0.815229776684258,-0.16454730159435502,2.6689627154806352,0.072967978520924404,0.39379338221286081,-0.29659084230145571,0.068797014961092806,-0.35963128614993589,0.11597274446189573,0.82701549368380678,0.10129475556652956,-0.045202886156593514,0.0029980478534625691,-0.035843016674587759,0.032678938856680315,0.016066824647224254,0.20181974923047477,0.037646504957932564,0.024307650700094351,-0.042541906629499443,0.016911896761010143,-0.014849519350022423,0.018901346376841162,-0.032161683117171748,-0.042991690544077046,0.011371722150986743,0.14417088098839537,0.026212223344872609,-0.029402902906720155,-0.044738473726034171,-0.0042619277524968743,-0.042950065993177071,-0.040810481102331972,0.02341055758429211,-0.042320437579028647,0.097380716147684565,1.055617112297599,-0.30852847363226049,0.1006322945407522,-0.5324979746639289,0.46726136555619613,0.072967978520924404,2.3297715877960252,0.0094428387022577245,0.35748350504908033,-0.2292594121453147,0.013332604403673691,-0.027574739171035974,0.51935403131354752,0.043149709746893146,0.040539097931881068,-0.0042679795693210277,0.016847554623676396,-0.007838399367239228,0.030303903739924691,0.021281579435652641,0.22214799581935299,0.072658582710230291,0.03702322513985918,0.0018989552181067773,-0.033867051069832871,-0.0089059647674853606,-0.010621520657294192,0.041584170801823805,-0.026032191973256881,-0.0075027173177426472,0.022645985523764251,-0.029336594402499673,-0.0019842842753870112,-0.048472624431635337,0.03924539267757899,-0.012298239344499695,0.024322231475325039,0.051044993895592639,0.022825945345961177,0.52024466871800246,0.46876352784912473,0.20692969282807147,-0.024189094835563078,-0.16203755090458954,0.39379338221286081,0.0094428387022577245,2.6227921555819806,0.27286529046212399,0.41972533065102535,-0.11340647954349455,-0.079997265428623371,0.08982897054536304,0.033360724877361046,0.063203636294941412,0.068672387047085406,-0.0021824546848624943,-0.0091186703279660022,-0.031075886841162095,0.0060711850040245157,0.055977402626438043,0.2599821200737632,0.069942387833790087,0.050653816519082566,-0.035032171886110693,-0.046937868409395844,-0.012453864671919529,-0.064829165385449875,-0.14863111231839635,0.10014871899374191,-0.0054509821412129398,0.069709714946049911,0.071077841176979864,-0.043237834773625944,-0.056919213704739839,0.0047906733028429674,0.015864020318485612,0.024682433898376148,0.064989711490953728,0.29191025387868663,0.4168693743655032,0.76267379913181921,-0.20853188164944081,0.012840076655691372,-0.29659084230145571,0.35748350504908033,0.27286529046212399,2.760621504753944,0.30312266959527712,0.52155878149912871,-0.30615215079022851,-0.13122120627857342,0.0066838583881218246,0.038916059493368307,0.06531783611391348,0.04688495633864502,-0.03918082708323789,0.021658576690906931,-0.010568405000879633,0.045506419457626957,0.05865114430073412,0.24333778709985393,0.017538538696421756,0.03802532748299102,-0.034007018108071413,0.026061150601479541,0.068665086407140266,-0.076166625052421499,0.049262346525839731,-0.036875048395292168,0.063823621595444954,0.018803877750317111,0.010340885763765018,-0.039251745711896449,-0.0059960033391073808,0.06331285634513846,0.049634229101516047,0.15820019039426919,0.19684340237746445,0.19349333054854145,0.57907105352723587,0.2565165099051448,-0.2906207565205613,0.068797014961092806,-0.2292594121453147,0.41972533065102535,0.30312266959527712,2.4634818342709575,0.06750949034457461,0.33977996441874203,-0.2624502797549419,0.022392097995860224,-0.01119380398024424,0.020024495423216417,0.011243226627731761,0.033904010589815001,-0.033141281048560352,0.0037412092041597179,0.0028917718060243632,0.042960251638009636,0.022169847252336228,0.20638352077210009,-0.0021282706287571009,0.00093232805298252685,0.011270605902939624,0.01279109965051075,-0.066690303577708276,-0.013373554745896521,0.057345462906131087,0.014393588777015156,0.012474929188033267,-0.016386256954823791,0.0037742975739756025,-0.027980986992487984,-0.0077519796782289426,0.060141371788404382,0.035868970158286016,0.27072139012291391,-0.0088921190819242421,0.20369133980561743,0.1518030260033395,0.18809423931545244,-0.35963128614993589,0.013332604403673691,-0.11340647954349455,0.52155878149912871,0.06750949034457461,2.532041853407665,-0.10625626505209852,-0.071998991539639498,0.019207983725127872,0.011373511967567073,-0.010430521893117094,0.012366829776173215,0.020749401352036227,0.0033576361387469339,0.0039889807185316574,-0.0037831117184121956,-0.010231589003077704,0.017974540439850452,-0.002761521747049083,0.26327487920599868,-0.014524163258337348,0.012969110044359376,-0.040012203834580484,0.061473517666029473,-0.10580134031288113,-0.022984752400216434,-0.067120597352478148,0.068896796784724532,0.0063944864675354457,-0.0050433559409106838,-0.0076915336199479632,-0.016424625240929233,-0.025856406760413675,0.075121754448468622,0.15904937106798439,-0.053644866222152421,-0.071580466987748309,0.34321248636347657,0.11785838988211075,0.11597274446189573,-0.027574739171035974,-0.079997265428623371,-0.30615215079022851,0.33977996441874203,-0.10625626505209852,3.0430095468782921,-0.16584737828326929,-0.026047776510045303,0.0058779232282819595,-0.015061289589863362,0.050179856218417786,0.080848161987998712,0.060072001179421408,0.021345477975866917,-0.00315926499447669,-0.037353861908922301,-0.038524563554723015,-0.00063857474687468389,0.021941999072128932,0.33122532398517612,-0.065342642818142394,-0.080976589952366521,-0.0032725367695430035,-0.022205723122514544,0.016946211722884068,-0.083140246192643263,-0.13538018461269025,-0.023366902986252675,-0.013597474694136994,-0.093575215911435333,-0.0077960374086039801,-0.093419195368833086,-0.48676751847692323,0.092782557364972915,0.81470664232613854,-0.66376229579842272,0.67531862818846866,0.81636843045300334,0.82701549368380678,0.51935403131354752,0.08982897054536304,-0.13122120627857342,-0.2624502797549419,-0.071998991539639498,-0.16584737828326929,4.8665369035507622;
}, {
  type = "FULL";
  num_rows = 39;
  num_cols = 39;
